5.141869142355326e-9
1.6464689997678903e-7
2.639492268770979e-6
1.6464689997678903e-7
5.141869142355326e-9
1.6464689997678903e-7
5.272129827004734e-6
0.00008451872413205252
5.272129827004734e-6
1.6464689997678903e-7
2.639492268770979e-6
0.0000845187241320525
0.0013549390783816108
0.0000845187241320525
2.639492268770979e-6
1.6464689997678903e-7
5.272129827004734e-6
0.00008451872413205252
5.272129827004734e-6
1.6464689997678903e-7
5.141869142355326e-9
1.6464689997678903e-7
2.639492268770979e-6
1.6464689997678903e-7
5.141869142355326e-9
1.6464689997678903e-7
5.272129827004734e-6
0.00008451872413205252
5.272129827004734e-6
1.6464689997678903e-7
5.272129827004734e-6
0.00016881795476690663
0.00270635940609751
0.00016881795476690663
5.272129827004734e-6
0.00008451872413205252
0.00270635940609751
0.043386269221692204
0.00270635940609751
0.00008451872413205252
5.272129827004734e-6
0.00016881795476690663
0.00270635940609751
0.00016881795476690663
5.272129827004734e-6
1.6464689997678903e-7
5.272129827004734e-6
0.00008451872413205252
5.272129827004734e-6
1.6464689997678903e-7
2.639492268770979e-6
0.0000845187241320525
0.0013549390783816108
0.0000845187241320525
2.639492268770979e-6
0.00008451872413205252
0.00270635940609751
0.043386269221692204
0.00270635940609751
0.00008451872413205252
0.001354939078381611
0.043386269221692204
0.6955352466254566
0.043386269221692204
0.001354939078381611
0.00008451872413205252
0.00270635940609751
0.043386269221692204
0.00270635940609751
0.00008451872413205252
2.639492268770979e-6
0.0000845187241320525
0.0013549390783816108
0.0000845187241320525
2.639492268770979e-6
1.6464689997678903e-7
5.272129827004734e-6
0.00008451872413205252
5.272129827004734e-6
1.6464689997678903e-7
5.272129827004734e-6
0.00016881795476690663
0.00270635940609751
0.00016881795476690663
5.272129827004734e-6
0.00008451872413205252
0.00270635940609751
0.043386269221692204
0.00270635940609751
0.00008451872413205252
5.272129827004734e-6
0.00016881795476690663
0.00270635940609751
0.00016881795476690663
5.272129827004734e-6
1.6464689997678903e-7
5.272129827004734e-6
0.00008451872413205252
5.272129827004734e-6
1.6464689997678903e-7
5.141869142355326e-9
1.6464689997678903e-7
2.639492268770979e-6
1.6464689997678903e-7
5.141869142355326e-9
1.6464689997678903e-7
5.272129827004734e-6
0.00008451872413205252
5.272129827004734e-6
1.6464689997678903e-7
2.639492268770979e-6
0.0000845187241320525
0.0013549390783816108
0.0000845187241320525
2.639492268770979e-6
1.6464689997678903e-7
5.272129827004734e-6
0.00008451872413205252
5.272129827004734e-6
1.6464689997678903e-7
5.141869142355326e-9
1.6464689997678903e-7
2.639492268770979e-6
1.6464689997678903e-7
5.141869142355326e-9