9.988202348312182e-13
1.60309610953579e-11
1.93370353379126e-10
1.5629937881283654e-9
6.445345505892587e-9
1.5629937881283654e-9
1.93370353379126e-10
1.60309610953579e-11
9.988202348312182e-13
1.60309610953579e-11
2.572952616286406e-10
3.1035741006390453e-9
2.5085888066740996e-8
1.0344712636760302e-7
2.5085888066740996e-8
3.1035741006390453e-9
2.572952616286406e-10
1.60309610953579e-11
1.9337035337912605e-10
3.1035741006390458e-9
3.7436259561047676e-8
3.025936505890203e-7
1.2478108619171288e-6
3.025936505890203e-7
3.7436259561047676e-8
3.1035741006390458e-9
1.9337035337912605e-10
1.5629937881283656e-9
2.5085888066740996e-8
3.025936505890203e-7
2.445835092778903e-6
0.00001008593402170463
2.445835092778903e-6
3.025936505890203e-7
2.5085888066740996e-8
1.5629937881283656e-9
6.4453455058925875e-9
1.0344712636760302e-7
1.2478108619171288e-6
0.00001008593402170463
0.00004159154694873565
0.00001008593402170463
1.2478108619171288e-6
1.0344712636760302e-7
6.4453455058925875e-9
1.5629937881283656e-9
2.5085888066740996e-8
3.025936505890203e-7
2.445835092778903e-6
0.00001008593402170463
2.445835092778903e-6
3.025936505890203e-7
2.5085888066740996e-8
1.5629937881283656e-9
1.9337035337912605e-10
3.1035741006390458e-9
3.7436259561047676e-8
3.025936505890203e-7
1.2478108619171288e-6
3.025936505890203e-7
3.7436259561047676e-8
3.1035741006390458e-9
1.9337035337912605e-10
1.60309610953579e-11
2.572952616286406e-10
3.1035741006390453e-9
2.5085888066740996e-8
1.0344712636760302e-7
2.5085888066740996e-8
3.1035741006390453e-9
2.572952616286406e-10
1.60309610953579e-11
9.988202348312182e-13
1.60309610953579e-11
1.93370353379126e-10
1.5629937881283654e-9
6.445345505892587e-9
1.5629937881283654e-9
1.93370353379126e-10
1.60309610953579e-11
9.988202348312182e-13
1.60309610953579e-11
2.572952616286406e-10
3.1035741006390453e-9
2.5085888066740996e-8
1.0344712636760302e-7
2.5085888066740996e-8
3.1035741006390453e-9
2.572952616286406e-10
1.60309610953579e-11
2.572952616286406e-10
4.129562242885142e-9
4.981204217625035e-8
4.026258996528878e-7
1.6603156407878012e-6
4.026258996528878e-7
4.981204217625035e-8
4.129562242885142e-9
2.572952616286406e-10
3.1035741006390453e-9
4.981204217625035e-8
6.008480802156432e-7
4.856596683901394e-6
0.00002002723481582122
4.856596683901394e-6
6.008480802156432e-7
4.981204217625035e-8
3.1035741006390453e-9
2.5085888066740996e-8
4.0262589965288786e-7
4.856596683901395e-6
0.00003925539937086403
0.00016187819416735752
0.00003925539937086403
4.856596683901395e-6
4.0262589965288786e-7
2.5085888066740996e-8
1.0344712636760302e-7
1.6603156407878014e-6
0.000020027234815821223
0.00016187819416735752
0.0006675400114852511
0.00016187819416735752
0.000020027234815821223
1.6603156407878014e-6
1.0344712636760302e-7
2.5085888066740996e-8
4.0262589965288786e-7
4.856596683901395e-6
0.00003925539937086403
0.00016187819416735752
0.00003925539937086403
4.856596683901395e-6
4.0262589965288786e-7
2.5085888066740996e-8
3.1035741006390453e-9
4.981204217625035e-8
6.008480802156432e-7
4.856596683901394e-6
0.00002002723481582122
4.856596683901394e-6
6.008480802156432e-7
4.981204217625035e-8
3.1035741006390453e-9
2.572952616286406e-10
4.129562242885142e-9
4.981204217625035e-8
4.026258996528878e-7
1.6603156407878012e-6
4.026258996528878e-7
4.981204217625035e-8
4.129562242885142e-9
2.572952616286406e-10
1.60309610953579e-11
2.572952616286406e-10
3.1035741006390453e-9
2.5085888066740996e-8
1.0344712636760302e-7
2.5085888066740996e-8
3.1035741006390453e-9
2.572952616286406e-10
1.60309610953579e-11
1.9337035337912605e-10
3.1035741006390458e-9
3.7436259561047676e-8
3.025936505890203e-7
1.2478108619171288e-6
3.025936505890203e-7
3.7436259561047676e-8
3.1035741006390458e-9
1.9337035337912605e-10
3.1035741006390453e-9
4.981204217625035e-8
6.008480802156432e-7
4.856596683901394e-6
0.00002002723481582122
4.856596683901394e-6
6.008480802156432e-7
4.981204217625035e-8
3.1035741006390453e-9
3.743625956104767e-8
6.008480802156432e-7
7.247613222148766e-6
0.000058581753857405754
0.00024157462865177174
0.000058581753857405754
7.247613222148766e-6
6.008480802156432e-7
3.743625956104767e-8
3.025936505890203e-7
4.856596683901395e-6
0.00005858175385740576
0.00047351062754314734
0.001952624264029995
0.00047351062754314734
0.00005858175385740576
4.856596683901395e-6
3.025936505890203e-7
1.2478108619171288e-6
0.000020027234815821223
0.0002415746286517718
0.001952624264029995
0.008052071684771749
0.001952624264029995
0.0002415746286517718
0.000020027234815821223
1.2478108619171288e-6
3.025936505890203e-7
4.856596683901395e-6
0.00005858175385740576
0.00047351062754314734
0.001952624264029995
0.00047351062754314734
0.00005858175385740576
4.856596683901395e-6
3.025936505890203e-7
3.743625956104767e-8
6.008480802156432e-7
7.247613222148766e-6
0.000058581753857405754
0.00024157462865177174
0.000058581753857405754
7.247613222148766e-6
6.008480802156432e-7
3.743625956104767e-8
3.1035741006390453e-9
4.981204217625035e-8
6.008480802156432e-7
4.856596683901394e-6
0.00002002723481582122
4.856596683901394e-6
6.008480802156432e-7
4.981204217625035e-8
3.1035741006390453e-9
1.9337035337912605e-10
3.1035741006390458e-9
3.7436259561047676e-8
3.025936505890203e-7
1.2478108619171288e-6
3.025936505890203e-7
3.7436259561047676e-8
3.1035741006390458e-9
1.9337035337912605e-10
1.5629937881283656e-9
2.5085888066740996e-8
3.025936505890203e-7
2.445835092778903e-6
0.00001008593402170463
2.445835092778903e-6
3.025936505890203e-7
2.5085888066740996e-8
1.5629937881283656e-9
2.5085888066740996e-8
4.0262589965288786e-7
4.856596683901395e-6
0.00003925539937086403
0.00016187819416735752
0.00003925539937086403
4.856596683901395e-6
4.0262589965288786e-7
2.5085888066740996e-8
3.025936505890203e-7
4.856596683901395e-6
0.00005858175385740576
0.00047351062754314734
0.001952624264029995
0.00047351062754314734
0.00005858175385740576
4.856596683901395e-6
3.025936505890203e-7
2.4458350927789025e-6
0.00003925539937086403
0.00047351062754314734
0.0038273404197160413
0.01578287230640731
0.0038273404197160413
0.00047351062754314734
0.00003925539937086403
2.4458350927789025e-6
0.00001008593402170463
0.00016187819416735752
0.001952624264029995
0.01578287230640731
0.06508411348965923
0.01578287230640731
0.001952624264029995
0.00016187819416735752
0.00001008593402170463
2.4458350927789025e-6
0.00003925539937086403
0.00047351062754314734
0.0038273404197160413
0.01578287230640731
0.0038273404197160413
0.00047351062754314734
0.00003925539937086403
2.4458350927789025e-6
3.025936505890203e-7
4.856596683901395e-6
0.00005858175385740576
0.00047351062754314734
0.001952624264029995
0.00047351062754314734
0.00005858175385740576
4.856596683901395e-6
3.025936505890203e-7
2.5085888066740996e-8
4.0262589965288786e-7
4.856596683901395e-6
0.00003925539937086403
0.00016187819416735752
0.00003925539937086403
4.856596683901395e-6
4.0262589965288786e-7
2.5085888066740996e-8
1.5629937881283656e-9
2.5085888066740996e-8
3.025936505890203e-7
2.445835092778903e-6
0.00001008593402170463
2.445835092778903e-6
3.025936505890203e-7
2.5085888066740996e-8
1.5629937881283656e-9
6.4453455058925875e-9
1.0344712636760302e-7
1.2478108619171288e-6
0.00001008593402170463
0.00004159154694873565
0.00001008593402170463
1.2478108619171288e-6
1.0344712636760302e-7
6.4453455058925875e-9
1.0344712636760302e-7
1.6603156407878014e-6
0.000020027234815821223
0.00016187819416735752
0.0006675400114852511
0.00016187819416735752
0.000020027234815821223
1.6603156407878014e-6
1.0344712636760302e-7
1.2478108619171288e-6
0.000020027234815821223
0.0002415746286517718
0.001952624264029995
0.008052071684771749
0.001952624264029995
0.0002415746286517718
0.000020027234815821223
1.2478108619171288e-6
0.00001008593402170463
0.00016187819416735752
0.001952624264029995
0.01578287230640731
0.06508411348965923
0.01578287230640731
0.001952624264029995
0.00016187819416735752
0.00001008593402170463
0.00004159154694873565
0.0006675400114852511
0.008052071684771749
0.06508411348965923
0.26838852564340865
0.06508411348965923
0.008052071684771749
0.0006675400114852511
0.00004159154694873565
0.00001008593402170463
0.00016187819416735752
0.001952624264029995
0.01578287230640731
0.06508411348965923
0.01578287230640731
0.001952624264029995
0.00016187819416735752
0.00001008593402170463
1.2478108619171288e-6
0.000020027234815821223
0.0002415746286517718
0.001952624264029995
0.008052071684771749
0.001952624264029995
0.0002415746286517718
0.000020027234815821223
1.2478108619171288e-6
1.0344712636760302e-7
1.6603156407878014e-6
0.000020027234815821223
0.00016187819416735752
0.0006675400114852511
0.00016187819416735752
0.000020027234815821223
1.6603156407878014e-6
1.0344712636760302e-7
6.4453455058925875e-9
1.0344712636760302e-7
1.2478108619171288e-6
0.00001008593402170463
0.00004159154694873565
0.00001008593402170463
1.2478108619171288e-6
1.0344712636760302e-7
6.4453455058925875e-9
1.5629937881283656e-9
2.5085888066740996e-8
3.025936505890203e-7
2.445835092778903e-6
0.00001008593402170463
2.445835092778903e-6
3.025936505890203e-7
2.5085888066740996e-8
1.5629937881283656e-9
2.5085888066740996e-8
4.0262589965288786e-7
4.856596683901395e-6
0.00003925539937086403
0.00016187819416735752
0.00003925539937086403
4.856596683901395e-6
4.0262589965288786e-7
2.5085888066740996e-8
3.025936505890203e-7
4.856596683901395e-6
0.00005858175385740576
0.00047351062754314734
0.001952624264029995
0.00047351062754314734
0.00005858175385740576
4.856596683901395e-6
3.025936505890203e-7
2.4458350927789025e-6
0.00003925539937086403
0.00047351062754314734
0.0038273404197160413
0.01578287230640731
0.0038273404197160413
0.00047351062754314734
0.00003925539937086403
2.4458350927789025e-6
0.00001008593402170463
0.00016187819416735752
0.001952624264029995
0.01578287230640731
0.06508411348965923
0.01578287230640731
0.001952624264029995
0.00016187819416735752
0.00001008593402170463
2.4458350927789025e-6
0.00003925539937086403
0.00047351062754314734
0.0038273404197160413
0.01578287230640731
0.0038273404197160413
0.00047351062754314734
0.00003925539937086403
2.4458350927789025e-6
3.025936505890203e-7
4.856596683901395e-6
0.00005858175385740576
0.00047351062754314734
0.001952624264029995
0.00047351062754314734
0.00005858175385740576
4.856596683901395e-6
3.025936505890203e-7
2.5085888066740996e-8
4.0262589965288786e-7
4.856596683901395e-6
0.00003925539937086403
0.00016187819416735752
0.00003925539937086403
4.856596683901395e-6
4.0262589965288786e-7
2.5085888066740996e-8
1.5629937881283656e-9
2.5085888066740996e-8
3.025936505890203e-7
2.445835092778903e-6
0.00001008593402170463
2.445835092778903e-6
3.025936505890203e-7
2.5085888066740996e-8
1.5629937881283656e-9
1.9337035337912605e-10
3.1035741006390458e-9
3.7436259561047676e-8
3.025936505890203e-7
1.2478108619171288e-6
3.025936505890203e-7
3.7436259561047676e-8
3.1035741006390458e-9
1.9337035337912605e-10
3.1035741006390453e-9
4.981204217625035e-8
6.008480802156432e-7
4.856596683901394e-6
0.00002002723481582122
4.856596683901394e-6
6.008480802156432e-7
4.981204217625035e-8
3.1035741006390453e-9
3.743625956104767e-8
6.008480802156432e-7
7.247613222148766e-6
0.000058581753857405754
0.00024157462865177174
0.000058581753857405754
7.247613222148766e-6
6.008480802156432e-7
3.743625956104767e-8
3.025936505890203e-7
4.856596683901395e-6
0.00005858175385740576
0.00047351062754314734
0.001952624264029995
0.00047351062754314734
0.00005858175385740576
4.856596683901395e-6
3.025936505890203e-7
1.2478108619171288e-6
0.000020027234815821223
0.0002415746286517718
0.001952624264029995
0.008052071684771749
0.001952624264029995
0.0002415746286517718
0.000020027234815821223
1.2478108619171288e-6
3.025936505890203e-7
4.856596683901395e-6
0.00005858175385740576
0.00047351062754314734
0.001952624264029995
0.00047351062754314734
0.00005858175385740576
4.856596683901395e-6
3.025936505890203e-7
3.743625956104767e-8
6.008480802156432e-7
7.247613222148766e-6
0.000058581753857405754
0.00024157462865177174
0.000058581753857405754
7.247613222148766e-6
6.008480802156432e-7
3.743625956104767e-8
3.1035741006390453e-9
4.981204217625035e-8
6.008480802156432e-7
4.856596683901394e-6
0.00002002723481582122
4.856596683901394e-6
6.008480802156432e-7
4.981204217625035e-8
3.1035741006390453e-9
1.9337035337912605e-10
3.1035741006390458e-9
3.7436259561047676e-8
3.025936505890203e-7
1.2478108619171288e-6
3.025936505890203e-7
3.7436259561047676e-8
3.1035741006390458e-9
1.9337035337912605e-10
1.60309610953579e-11
2.572952616286406e-10
3.1035741006390453e-9
2.5085888066740996e-8
1.0344712636760302e-7
2.5085888066740996e-8
3.1035741006390453e-9
2.572952616286406e-10
1.60309610953579e-11
2.572952616286406e-10
4.129562242885142e-9
4.981204217625035e-8
4.026258996528878e-7
1.6603156407878012e-6
4.026258996528878e-7
4.981204217625035e-8
4.129562242885142e-9
2.572952616286406e-10
3.1035741006390453e-9
4.981204217625035e-8
6.008480802156432e-7
4.856596683901394e-6
0.00002002723481582122
4.856596683901394e-6
6.008480802156432e-7
4.981204217625035e-8
3.1035741006390453e-9
2.5085888066740996e-8
4.0262589965288786e-7
4.856596683901395e-6
0.00003925539937086403
0.00016187819416735752
0.00003925539937086403
4.856596683901395e-6
4.0262589965288786e-7
2.5085888066740996e-8
1.0344712636760302e-7
1.6603156407878014e-6
0.000020027234815821223
0.00016187819416735752
0.0006675400114852511
0.00016187819416735752
0.000020027234815821223
1.6603156407878014e-6
1.0344712636760302e-7
2.5085888066740996e-8
4.0262589965288786e-7
4.856596683901395e-6
0.00003925539937086403
0.00016187819416735752
0.00003925539937086403
4.856596683901395e-6
4.0262589965288786e-7
2.5085888066740996e-8
3.1035741006390453e-9
4.981204217625035e-8
6.008480802156432e-7
4.856596683901394e-6
0.00002002723481582122
4.856596683901394e-6
6.008480802156432e-7
4.981204217625035e-8
3.1035741006390453e-9
2.572952616286406e-10
4.129562242885142e-9
4.981204217625035e-8
4.026258996528878e-7
1.6603156407878012e-6
4.026258996528878e-7
4.981204217625035e-8
4.129562242885142e-9
2.572952616286406e-10
1.60309610953579e-11
2.572952616286406e-10
3.1035741006390453e-9
2.5085888066740996e-8
1.0344712636760302e-7
2.5085888066740996e-8
3.1035741006390453e-9
2.572952616286406e-10
1.60309610953579e-11
9.988202348312182e-13
1.60309610953579e-11
1.93370353379126e-10
1.5629937881283654e-9
6.445345505892587e-9
1.5629937881283654e-9
1.93370353379126e-10
1.60309610953579e-11
9.988202348312182e-13
1.60309610953579e-11
2.572952616286406e-10
3.1035741006390453e-9
2.5085888066740996e-8
1.0344712636760302e-7
2.5085888066740996e-8
3.1035741006390453e-9
2.572952616286406e-10
1.60309610953579e-11
1.9337035337912605e-10
3.1035741006390458e-9
3.7436259561047676e-8
3.025936505890203e-7
1.2478108619171288e-6
3.025936505890203e-7
3.7436259561047676e-8
3.1035741006390458e-9
1.9337035337912605e-10
1.5629937881283656e-9
2.5085888066740996e-8
3.025936505890203e-7
2.445835092778903e-6
0.00001008593402170463
2.445835092778903e-6
3.025936505890203e-7
2.5085888066740996e-8
1.5629937881283656e-9
6.4453455058925875e-9
1.0344712636760302e-7
1.2478108619171288e-6
0.00001008593402170463
0.00004159154694873565
0.00001008593402170463
1.2478108619171288e-6
1.0344712636760302e-7
6.4453455058925875e-9
1.5629937881283656e-9
2.5085888066740996e-8
3.025936505890203e-7
2.445835092778903e-6
0.00001008593402170463
2.445835092778903e-6
3.025936505890203e-7
2.5085888066740996e-8
1.5629937881283656e-9
1.9337035337912605e-10
3.1035741006390458e-9
3.7436259561047676e-8
3.025936505890203e-7
1.2478108619171288e-6
3.025936505890203e-7
3.7436259561047676e-8
3.1035741006390458e-9
1.9337035337912605e-10
1.60309610953579e-11
2.572952616286406e-10
3.1035741006390453e-9
2.5085888066740996e-8
1.0344712636760302e-7
2.5085888066740996e-8
3.1035741006390453e-9
2.572952616286406e-10
1.60309610953579e-11
9.988202348312182e-13
1.60309610953579e-11
1.93370353379126e-10
1.5629937881283654e-9
6.445345505892587e-9
1.5629937881283654e-9
1.93370353379126e-10
1.60309610953579e-11
9.988202348312182e-13